{
 "cells": [
  {
   "cell_type": "markdown",
   "metadata": {},
   "source": [
    "## Unsupervised Learning Assignment\n",
    "\n",
    "Ari Boyarsky\n",
    "\n",
    "aboyarsky@uchicago.edu\n",
    "\n",
    "*Due:* 12/4/17 11:30am"
   ]
  },
  {
   "cell_type": "markdown",
   "metadata": {},
   "source": [
    "### Part 1: Colleges\n",
    "\n",
    "**Question 1.** Perform PCA analysis on the college dataset and plot the first two principal components. Describe the results.\n"
   ]
  },
  {
   "cell_type": "markdown",
   "metadata": {},
   "source": [
    "First, we import relevant libraries:"
   ]
  },
  {
   "cell_type": "code",
   "execution_count": 149,
   "metadata": {
    "collapsed": true
   },
   "outputs": [],
   "source": [
    "import pandas as pd\n",
    "import numpy as np\n",
    "import matplotlib.pyplot as plt\n",
    "from sklearn.preprocessing import scale\n",
    "from sklearn.decomposition import PCA\n",
    "from sklearn.cluster import KMeans\n",
    "from scipy.cluster import hierarchy"
   ]
  },
  {
   "cell_type": "code",
   "execution_count": 150,
   "metadata": {
    "collapsed": true
   },
   "outputs": [],
   "source": [
    "colleges = pd.read_csv(\"college.csv\")\n",
    "# Drop Numerics\n",
    "colleges = colleges.select_dtypes(['number'])"
   ]
  },
  {
   "cell_type": "code",
   "execution_count": 151,
   "metadata": {},
   "outputs": [
    {
     "data": {
      "text/html": [
       "<div>\n",
       "<style>\n",
       "    .dataframe thead tr:only-child th {\n",
       "        text-align: right;\n",
       "    }\n",
       "\n",
       "    .dataframe thead th {\n",
       "        text-align: left;\n",
       "    }\n",
       "\n",
       "    .dataframe tbody tr th {\n",
       "        vertical-align: top;\n",
       "    }\n",
       "</style>\n",
       "<table border=\"1\" class=\"dataframe\">\n",
       "  <thead>\n",
       "    <tr style=\"text-align: right;\">\n",
       "      <th></th>\n",
       "      <th>Apps</th>\n",
       "      <th>Accept</th>\n",
       "      <th>Enroll</th>\n",
       "      <th>Top10perc</th>\n",
       "      <th>Top25perc</th>\n",
       "      <th>F.Undergrad</th>\n",
       "      <th>P.Undergrad</th>\n",
       "      <th>Outstate</th>\n",
       "      <th>Room.Board</th>\n",
       "      <th>Books</th>\n",
       "      <th>Personal</th>\n",
       "      <th>PhD</th>\n",
       "      <th>Terminal</th>\n",
       "      <th>S.F.Ratio</th>\n",
       "      <th>perc.alumni</th>\n",
       "      <th>Expend</th>\n",
       "      <th>Grad.Rate</th>\n",
       "    </tr>\n",
       "  </thead>\n",
       "  <tbody>\n",
       "    <tr>\n",
       "      <th>0</th>\n",
       "      <td>-0.346882</td>\n",
       "      <td>-0.321205</td>\n",
       "      <td>-0.063509</td>\n",
       "      <td>-0.258583</td>\n",
       "      <td>-0.191827</td>\n",
       "      <td>-0.168116</td>\n",
       "      <td>-0.209207</td>\n",
       "      <td>-0.746356</td>\n",
       "      <td>-0.964905</td>\n",
       "      <td>-0.602312</td>\n",
       "      <td>1.270045</td>\n",
       "      <td>-0.163028</td>\n",
       "      <td>-0.115729</td>\n",
       "      <td>1.013776</td>\n",
       "      <td>-0.867574</td>\n",
       "      <td>-0.501910</td>\n",
       "      <td>-0.318252</td>\n",
       "    </tr>\n",
       "    <tr>\n",
       "      <th>1</th>\n",
       "      <td>-0.210884</td>\n",
       "      <td>-0.038703</td>\n",
       "      <td>-0.288584</td>\n",
       "      <td>-0.655656</td>\n",
       "      <td>-1.353911</td>\n",
       "      <td>-0.209788</td>\n",
       "      <td>0.244307</td>\n",
       "      <td>0.457496</td>\n",
       "      <td>1.909208</td>\n",
       "      <td>1.215880</td>\n",
       "      <td>0.235515</td>\n",
       "      <td>-2.675646</td>\n",
       "      <td>-3.378176</td>\n",
       "      <td>-0.477704</td>\n",
       "      <td>-0.544572</td>\n",
       "      <td>0.166110</td>\n",
       "      <td>-0.551262</td>\n",
       "    </tr>\n",
       "    <tr>\n",
       "      <th>2</th>\n",
       "      <td>-0.406866</td>\n",
       "      <td>-0.376318</td>\n",
       "      <td>-0.478121</td>\n",
       "      <td>-0.315307</td>\n",
       "      <td>-0.292878</td>\n",
       "      <td>-0.549565</td>\n",
       "      <td>-0.497090</td>\n",
       "      <td>0.201305</td>\n",
       "      <td>-0.554317</td>\n",
       "      <td>-0.905344</td>\n",
       "      <td>-0.259582</td>\n",
       "      <td>-1.204845</td>\n",
       "      <td>-0.931341</td>\n",
       "      <td>-0.300749</td>\n",
       "      <td>0.585935</td>\n",
       "      <td>-0.177290</td>\n",
       "      <td>-0.667767</td>\n",
       "    </tr>\n",
       "    <tr>\n",
       "      <th>3</th>\n",
       "      <td>-0.668261</td>\n",
       "      <td>-0.681682</td>\n",
       "      <td>-0.692427</td>\n",
       "      <td>1.840231</td>\n",
       "      <td>1.677612</td>\n",
       "      <td>-0.658079</td>\n",
       "      <td>-0.520752</td>\n",
       "      <td>0.626633</td>\n",
       "      <td>0.996791</td>\n",
       "      <td>-0.602312</td>\n",
       "      <td>-0.688173</td>\n",
       "      <td>1.185206</td>\n",
       "      <td>1.175657</td>\n",
       "      <td>-1.615274</td>\n",
       "      <td>1.151188</td>\n",
       "      <td>1.792851</td>\n",
       "      <td>-0.376504</td>\n",
       "    </tr>\n",
       "    <tr>\n",
       "      <th>4</th>\n",
       "      <td>-0.726176</td>\n",
       "      <td>-0.764555</td>\n",
       "      <td>-0.780735</td>\n",
       "      <td>-0.655656</td>\n",
       "      <td>-0.596031</td>\n",
       "      <td>-0.711924</td>\n",
       "      <td>0.009005</td>\n",
       "      <td>-0.716508</td>\n",
       "      <td>-0.216723</td>\n",
       "      <td>1.518912</td>\n",
       "      <td>0.235515</td>\n",
       "      <td>0.204672</td>\n",
       "      <td>-0.523535</td>\n",
       "      <td>-0.553542</td>\n",
       "      <td>-1.675079</td>\n",
       "      <td>0.241803</td>\n",
       "      <td>-2.939613</td>\n",
       "    </tr>\n",
       "  </tbody>\n",
       "</table>\n",
       "</div>"
      ],
      "text/plain": [
       "       Apps    Accept    Enroll  Top10perc  Top25perc  F.Undergrad  \\\n",
       "0 -0.346882 -0.321205 -0.063509  -0.258583  -0.191827    -0.168116   \n",
       "1 -0.210884 -0.038703 -0.288584  -0.655656  -1.353911    -0.209788   \n",
       "2 -0.406866 -0.376318 -0.478121  -0.315307  -0.292878    -0.549565   \n",
       "3 -0.668261 -0.681682 -0.692427   1.840231   1.677612    -0.658079   \n",
       "4 -0.726176 -0.764555 -0.780735  -0.655656  -0.596031    -0.711924   \n",
       "\n",
       "   P.Undergrad  Outstate  Room.Board     Books  Personal       PhD  Terminal  \\\n",
       "0    -0.209207 -0.746356   -0.964905 -0.602312  1.270045 -0.163028 -0.115729   \n",
       "1     0.244307  0.457496    1.909208  1.215880  0.235515 -2.675646 -3.378176   \n",
       "2    -0.497090  0.201305   -0.554317 -0.905344 -0.259582 -1.204845 -0.931341   \n",
       "3    -0.520752  0.626633    0.996791 -0.602312 -0.688173  1.185206  1.175657   \n",
       "4     0.009005 -0.716508   -0.216723  1.518912  0.235515  0.204672 -0.523535   \n",
       "\n",
       "   S.F.Ratio  perc.alumni    Expend  Grad.Rate  \n",
       "0   1.013776    -0.867574 -0.501910  -0.318252  \n",
       "1  -0.477704    -0.544572  0.166110  -0.551262  \n",
       "2  -0.300749     0.585935 -0.177290  -0.667767  \n",
       "3  -1.615274     1.151188  1.792851  -0.376504  \n",
       "4  -0.553542    -1.675079  0.241803  -2.939613  "
      ]
     },
     "execution_count": 151,
     "metadata": {},
     "output_type": "execute_result"
    }
   ],
   "source": [
    "# Scale variables\n",
    "dta = pd.DataFrame(scale(colleges), columns = colleges.columns, index = None)\n",
    "dta.head()"
   ]
  },
  {
   "cell_type": "markdown",
   "metadata": {
    "collapsed": true
   },
   "source": [
    "Begin PCA:"
   ]
  },
  {
   "cell_type": "code",
   "execution_count": 152,
   "metadata": {},
   "outputs": [
    {
     "data": {
      "text/plain": [
       "{'components_': array([[  2.48765602e-01,   2.07601502e-01,   1.76303592e-01,\n",
       "           3.54273947e-01,   3.44001279e-01,   1.54640962e-01,\n",
       "           2.64425045e-02,   2.94736419e-01,   2.49030449e-01,\n",
       "           6.47575181e-02,  -4.25285386e-02,   3.18312875e-01,\n",
       "           3.17056016e-01,  -1.76957895e-01,   2.05082369e-01,\n",
       "           3.18908750e-01,   2.52315654e-01],\n",
       "        [  3.31598227e-01,   3.72116750e-01,   4.03724252e-01,\n",
       "          -8.24118211e-02,  -4.47786551e-02,   4.17673774e-01,\n",
       "           3.15087830e-01,  -2.49643522e-01,  -1.37808883e-01,\n",
       "           5.63418434e-02,   2.19929218e-01,   5.83113174e-02,\n",
       "           4.64294477e-02,   2.46665277e-01,  -2.46595274e-01,\n",
       "          -1.31689865e-01,  -1.69240532e-01],\n",
       "        [ -6.30921033e-02,  -1.01249056e-01,  -8.29855709e-02,\n",
       "           3.50555339e-02,  -2.41479376e-02,  -6.13929764e-02,\n",
       "           1.39681716e-01,   4.65988731e-02,   1.48967389e-01,\n",
       "           6.77411649e-01,   4.99721120e-01,  -1.27028371e-01,\n",
       "          -6.60375454e-02,  -2.89848401e-01,  -1.46989274e-01,\n",
       "           2.26743985e-01,  -2.08064649e-01],\n",
       "        [  2.81310530e-01,   2.67817346e-01,   1.61826771e-01,\n",
       "          -5.15472524e-02,  -1.09766541e-01,   1.00412335e-01,\n",
       "          -1.58558487e-01,   1.31291364e-01,   1.84995991e-01,\n",
       "           8.70892205e-02,  -2.30710568e-01,  -5.34724832e-01,\n",
       "          -5.19443019e-01,  -1.61189487e-01,   1.73142230e-02,\n",
       "           7.92734946e-02,   2.69129066e-01],\n",
       "        [  5.74140964e-03,   5.57860920e-02,  -5.56936353e-02,\n",
       "          -3.95434345e-01,  -4.26533594e-01,  -4.34543659e-02,\n",
       "           3.02385408e-01,   2.22532003e-01,   5.60919470e-01,\n",
       "          -1.27288825e-01,  -2.22311021e-01,   1.40166326e-01,\n",
       "           2.04719730e-01,  -7.93882496e-02,  -2.16297411e-01,\n",
       "           7.59581203e-02,  -1.09267913e-01],\n",
       "        [ -1.62374420e-02,   7.53468452e-03,  -4.25579803e-02,\n",
       "          -5.26927980e-02,   3.30915896e-02,  -4.34542349e-02,\n",
       "          -1.91198583e-01,  -3.00003910e-02,   1.62755446e-01,\n",
       "           6.41054950e-01,  -3.31398003e-01,   9.12555212e-02,\n",
       "           1.54927646e-01,   4.87045875e-01,  -4.73400144e-02,\n",
       "          -2.98118619e-01,   2.16163313e-01],\n",
       "        [ -4.24863486e-02,  -1.29497196e-02,  -2.76928937e-02,\n",
       "          -1.61332069e-01,  -1.18485556e-01,  -2.50763629e-02,\n",
       "           6.10423460e-02,   1.08528966e-01,   2.09744235e-01,\n",
       "          -1.49692034e-01,   6.33790064e-01,  -1.09641298e-03,\n",
       "          -2.84770105e-02,   2.19259358e-01,   2.43321156e-01,\n",
       "          -2.26584481e-01,   5.59943937e-01],\n",
       "        [ -1.03090398e-01,  -5.62709623e-02,   5.86623552e-02,\n",
       "          -1.22678028e-01,  -1.02491967e-01,   7.88896442e-02,\n",
       "           5.70783816e-01,   9.84599754e-03,  -2.21453442e-01,\n",
       "           2.13293009e-01,  -2.32660840e-01,  -7.70400002e-02,\n",
       "          -1.21613297e-02,  -8.36048735e-02,   6.78523654e-01,\n",
       "          -5.41593771e-02,  -5.33553891e-03],\n",
       "        [ -9.02270802e-02,  -1.77864814e-01,  -1.28560713e-01,\n",
       "           3.41099863e-01,   4.03711989e-01,  -5.94419181e-02,\n",
       "           5.60672902e-01,  -4.57332880e-03,   2.75022548e-01,\n",
       "          -1.33663353e-01,  -9.44688900e-02,  -1.85181525e-01,\n",
       "          -2.54938198e-01,   2.74544380e-01,  -2.55334907e-01,\n",
       "          -4.91388809e-02,   4.19043052e-02],\n",
       "        [  5.25098025e-02,   4.11400844e-02,   3.44879147e-02,\n",
       "           6.40257785e-02,   1.45492289e-02,   2.08471834e-02,\n",
       "          -2.23105808e-01,   1.86675363e-01,   2.98324237e-01,\n",
       "          -8.20292186e-02,   1.36027616e-01,  -1.23452200e-01,\n",
       "          -8.85784627e-02,   4.72045249e-01,   4.22999706e-01,\n",
       "           1.32286331e-01,  -5.90271067e-01],\n",
       "        [  4.30462074e-02,  -5.84055850e-02,  -6.93988831e-02,\n",
       "          -8.10481404e-03,  -2.73128469e-01,  -8.11578181e-02,\n",
       "           1.00693324e-01,   1.43220673e-01,  -3.59321731e-01,\n",
       "           3.19400370e-02,  -1.85784733e-02,   4.03723253e-02,\n",
       "          -5.89734026e-02,   4.45000727e-01,  -1.30727978e-01,\n",
       "           6.92088870e-01,   2.19839000e-01],\n",
       "        [  2.40709086e-02,  -1.45102446e-01,   1.11431545e-02,\n",
       "           3.85543001e-02,  -8.93515563e-02,   5.61767721e-02,\n",
       "          -6.35360730e-02,  -8.23443779e-01,   3.54559731e-01,\n",
       "          -2.81593679e-02,  -3.92640266e-02,   2.32224316e-02,\n",
       "           1.64850420e-02,  -1.10262122e-02,   1.82660654e-01,\n",
       "           3.25982295e-01,   1.22106697e-01],\n",
       "        [  5.95830975e-01,   2.92642398e-01,  -4.44638207e-01,\n",
       "           1.02303616e-03,   2.18838802e-02,  -5.23622267e-01,\n",
       "           1.25997650e-01,  -1.41856014e-01,  -6.97485854e-02,\n",
       "           1.14379958e-02,   3.94547417e-02,   1.27696382e-01,\n",
       "          -5.83134662e-02,  -1.77152700e-02,   1.04088088e-01,\n",
       "          -9.37464497e-02,  -6.91969778e-02],\n",
       "        [  8.06328039e-02,   3.34674281e-02,  -8.56967180e-02,\n",
       "          -1.07828189e-01,   1.51742110e-01,  -5.63728817e-02,\n",
       "           1.92857500e-02,  -3.40115407e-02,  -5.84289756e-02,\n",
       "          -6.68494643e-02,   2.75286207e-02,  -6.91126145e-01,\n",
       "           6.71008607e-01,   4.13740967e-02,  -2.71542091e-02,\n",
       "           7.31225166e-02,   3.64767385e-02],\n",
       "        [  1.33405806e-01,  -1.45497511e-01,   2.95896092e-02,\n",
       "           6.97722522e-01,  -6.17274818e-01,   9.91640992e-03,\n",
       "           2.09515982e-02,   3.83544794e-02,   3.40197083e-03,\n",
       "          -9.43887925e-03,  -3.09001353e-03,  -1.12055599e-01,\n",
       "           1.58909651e-01,  -2.08991284e-02,  -8.41789410e-03,\n",
       "          -2.27742017e-01,  -3.39433604e-03],\n",
       "        [  4.59139498e-01,  -5.18568789e-01,  -4.04318439e-01,\n",
       "          -1.48738723e-01,   5.18683400e-02,   5.60363054e-01,\n",
       "          -5.27313042e-02,   1.01594830e-01,  -2.59293381e-02,\n",
       "           2.88282896e-03,  -1.28904022e-02,   2.98075465e-02,\n",
       "          -2.70759809e-02,  -2.12476294e-02,   3.33406243e-03,\n",
       "          -4.38803230e-02,  -5.00844705e-03],\n",
       "        [  3.58970400e-01,  -5.43427250e-01,   6.09651110e-01,\n",
       "          -1.44986329e-01,   8.03478445e-02,  -4.14705279e-01,\n",
       "           9.01788964e-03,   5.08995918e-02,   1.14639620e-03,\n",
       "           7.72631963e-04,  -1.11433396e-03,   1.38133366e-02,\n",
       "           6.20932749e-03,  -2.22215182e-03,  -1.91869743e-02,\n",
       "          -3.53098218e-02,  -1.30710024e-02]]),\n",
       " 'copy': True,\n",
       " 'explained_variance_': array([ 5.44350679,  4.47783645,  1.17315581,  1.00690817,  0.93302887,\n",
       "         0.84739916,  0.60500815,  0.58711563,  0.52992973,  0.40378256,\n",
       "         0.31304247,  0.22032704,  0.1675782 ,  0.1437932 ,  0.08791135,\n",
       "         0.03667818,  0.02299823]),\n",
       " 'explained_variance_ratio_': array([ 0.32020628,  0.26340214,  0.06900917,  0.05922989,  0.05488405,\n",
       "         0.04984701,  0.03558871,  0.03453621,  0.03117234,  0.02375192,\n",
       "         0.01841426,  0.01296041,  0.00985754,  0.00845842,  0.00517126,\n",
       "         0.00215754,  0.00135284]),\n",
       " 'iterated_power': 'auto',\n",
       " 'mean_': array([  3.65787766e-17,   5.48681649e-17,  -5.48681649e-17,\n",
       "         -4.11511237e-17,  -1.55459801e-16,   1.82893883e-17,\n",
       "          0.00000000e+00,   1.55459801e-16,   3.47498378e-16,\n",
       "         -1.76035362e-16,   4.57234708e-17,   4.57234708e-17,\n",
       "         -4.11511237e-16,  -6.40128591e-17,   9.14469415e-18,\n",
       "          1.32598065e-16,   3.61215419e-16]),\n",
       " 'n_components': None,\n",
       " 'n_components_': 17,\n",
       " 'n_features_': 17,\n",
       " 'n_samples_': 777,\n",
       " 'noise_variance_': 0.0,\n",
       " 'random_state': None,\n",
       " 'svd_solver': 'auto',\n",
       " 'tol': 0.0,\n",
       " 'whiten': False}"
      ]
     },
     "execution_count": 152,
     "metadata": {},
     "output_type": "execute_result"
    }
   ],
   "source": [
    "pca = PCA().fit(dta)\n",
    "vars(pca)"
   ]
  },
  {
   "cell_type": "code",
   "execution_count": 153,
   "metadata": {
    "scrolled": true
   },
   "outputs": [
    {
     "data": {
      "text/html": [
       "<div>\n",
       "<style>\n",
       "    .dataframe thead tr:only-child th {\n",
       "        text-align: right;\n",
       "    }\n",
       "\n",
       "    .dataframe thead th {\n",
       "        text-align: left;\n",
       "    }\n",
       "\n",
       "    .dataframe tbody tr th {\n",
       "        vertical-align: top;\n",
       "    }\n",
       "</style>\n",
       "<table border=\"1\" class=\"dataframe\">\n",
       "  <thead>\n",
       "    <tr style=\"text-align: right;\">\n",
       "      <th></th>\n",
       "      <th>PC1</th>\n",
       "      <th>PC2</th>\n",
       "      <th>PC3</th>\n",
       "      <th>PC4</th>\n",
       "      <th>PC5</th>\n",
       "      <th>PC6</th>\n",
       "      <th>PC7</th>\n",
       "      <th>PC8</th>\n",
       "      <th>PC9</th>\n",
       "      <th>PC10</th>\n",
       "      <th>PC11</th>\n",
       "      <th>PC12</th>\n",
       "      <th>PC13</th>\n",
       "      <th>PC14</th>\n",
       "      <th>PC15</th>\n",
       "      <th>PC16</th>\n",
       "      <th>PC17</th>\n",
       "    </tr>\n",
       "  </thead>\n",
       "  <tbody>\n",
       "    <tr>\n",
       "      <th>Apps</th>\n",
       "      <td>0.248766</td>\n",
       "      <td>0.331598</td>\n",
       "      <td>-0.063092</td>\n",
       "      <td>0.281311</td>\n",
       "      <td>0.005741</td>\n",
       "      <td>-0.016237</td>\n",
       "      <td>-0.042486</td>\n",
       "      <td>-0.103090</td>\n",
       "      <td>-0.090227</td>\n",
       "      <td>0.052510</td>\n",
       "      <td>0.043046</td>\n",
       "      <td>0.024071</td>\n",
       "      <td>0.595831</td>\n",
       "      <td>0.080633</td>\n",
       "      <td>0.133406</td>\n",
       "      <td>0.459139</td>\n",
       "      <td>0.358970</td>\n",
       "    </tr>\n",
       "    <tr>\n",
       "      <th>Accept</th>\n",
       "      <td>0.207602</td>\n",
       "      <td>0.372117</td>\n",
       "      <td>-0.101249</td>\n",
       "      <td>0.267817</td>\n",
       "      <td>0.055786</td>\n",
       "      <td>0.007535</td>\n",
       "      <td>-0.012950</td>\n",
       "      <td>-0.056271</td>\n",
       "      <td>-0.177865</td>\n",
       "      <td>0.041140</td>\n",
       "      <td>-0.058406</td>\n",
       "      <td>-0.145102</td>\n",
       "      <td>0.292642</td>\n",
       "      <td>0.033467</td>\n",
       "      <td>-0.145498</td>\n",
       "      <td>-0.518569</td>\n",
       "      <td>-0.543427</td>\n",
       "    </tr>\n",
       "    <tr>\n",
       "      <th>Enroll</th>\n",
       "      <td>0.176304</td>\n",
       "      <td>0.403724</td>\n",
       "      <td>-0.082986</td>\n",
       "      <td>0.161827</td>\n",
       "      <td>-0.055694</td>\n",
       "      <td>-0.042558</td>\n",
       "      <td>-0.027693</td>\n",
       "      <td>0.058662</td>\n",
       "      <td>-0.128561</td>\n",
       "      <td>0.034488</td>\n",
       "      <td>-0.069399</td>\n",
       "      <td>0.011143</td>\n",
       "      <td>-0.444638</td>\n",
       "      <td>-0.085697</td>\n",
       "      <td>0.029590</td>\n",
       "      <td>-0.404318</td>\n",
       "      <td>0.609651</td>\n",
       "    </tr>\n",
       "    <tr>\n",
       "      <th>Top10perc</th>\n",
       "      <td>0.354274</td>\n",
       "      <td>-0.082412</td>\n",
       "      <td>0.035056</td>\n",
       "      <td>-0.051547</td>\n",
       "      <td>-0.395434</td>\n",
       "      <td>-0.052693</td>\n",
       "      <td>-0.161332</td>\n",
       "      <td>-0.122678</td>\n",
       "      <td>0.341100</td>\n",
       "      <td>0.064026</td>\n",
       "      <td>-0.008105</td>\n",
       "      <td>0.038554</td>\n",
       "      <td>0.001023</td>\n",
       "      <td>-0.107828</td>\n",
       "      <td>0.697723</td>\n",
       "      <td>-0.148739</td>\n",
       "      <td>-0.144986</td>\n",
       "    </tr>\n",
       "    <tr>\n",
       "      <th>Top25perc</th>\n",
       "      <td>0.344001</td>\n",
       "      <td>-0.044779</td>\n",
       "      <td>-0.024148</td>\n",
       "      <td>-0.109767</td>\n",
       "      <td>-0.426534</td>\n",
       "      <td>0.033092</td>\n",
       "      <td>-0.118486</td>\n",
       "      <td>-0.102492</td>\n",
       "      <td>0.403712</td>\n",
       "      <td>0.014549</td>\n",
       "      <td>-0.273128</td>\n",
       "      <td>-0.089352</td>\n",
       "      <td>0.021884</td>\n",
       "      <td>0.151742</td>\n",
       "      <td>-0.617275</td>\n",
       "      <td>0.051868</td>\n",
       "      <td>0.080348</td>\n",
       "    </tr>\n",
       "    <tr>\n",
       "      <th>F.Undergrad</th>\n",
       "      <td>0.154641</td>\n",
       "      <td>0.417674</td>\n",
       "      <td>-0.061393</td>\n",
       "      <td>0.100412</td>\n",
       "      <td>-0.043454</td>\n",
       "      <td>-0.043454</td>\n",
       "      <td>-0.025076</td>\n",
       "      <td>0.078890</td>\n",
       "      <td>-0.059442</td>\n",
       "      <td>0.020847</td>\n",
       "      <td>-0.081158</td>\n",
       "      <td>0.056177</td>\n",
       "      <td>-0.523622</td>\n",
       "      <td>-0.056373</td>\n",
       "      <td>0.009916</td>\n",
       "      <td>0.560363</td>\n",
       "      <td>-0.414705</td>\n",
       "    </tr>\n",
       "    <tr>\n",
       "      <th>P.Undergrad</th>\n",
       "      <td>0.026443</td>\n",
       "      <td>0.315088</td>\n",
       "      <td>0.139682</td>\n",
       "      <td>-0.158558</td>\n",
       "      <td>0.302385</td>\n",
       "      <td>-0.191199</td>\n",
       "      <td>0.061042</td>\n",
       "      <td>0.570784</td>\n",
       "      <td>0.560673</td>\n",
       "      <td>-0.223106</td>\n",
       "      <td>0.100693</td>\n",
       "      <td>-0.063536</td>\n",
       "      <td>0.125998</td>\n",
       "      <td>0.019286</td>\n",
       "      <td>0.020952</td>\n",
       "      <td>-0.052731</td>\n",
       "      <td>0.009018</td>\n",
       "    </tr>\n",
       "    <tr>\n",
       "      <th>Outstate</th>\n",
       "      <td>0.294736</td>\n",
       "      <td>-0.249644</td>\n",
       "      <td>0.046599</td>\n",
       "      <td>0.131291</td>\n",
       "      <td>0.222532</td>\n",
       "      <td>-0.030000</td>\n",
       "      <td>0.108529</td>\n",
       "      <td>0.009846</td>\n",
       "      <td>-0.004573</td>\n",
       "      <td>0.186675</td>\n",
       "      <td>0.143221</td>\n",
       "      <td>-0.823444</td>\n",
       "      <td>-0.141856</td>\n",
       "      <td>-0.034012</td>\n",
       "      <td>0.038354</td>\n",
       "      <td>0.101595</td>\n",
       "      <td>0.050900</td>\n",
       "    </tr>\n",
       "    <tr>\n",
       "      <th>Room.Board</th>\n",
       "      <td>0.249030</td>\n",
       "      <td>-0.137809</td>\n",
       "      <td>0.148967</td>\n",
       "      <td>0.184996</td>\n",
       "      <td>0.560919</td>\n",
       "      <td>0.162755</td>\n",
       "      <td>0.209744</td>\n",
       "      <td>-0.221453</td>\n",
       "      <td>0.275023</td>\n",
       "      <td>0.298324</td>\n",
       "      <td>-0.359322</td>\n",
       "      <td>0.354560</td>\n",
       "      <td>-0.069749</td>\n",
       "      <td>-0.058429</td>\n",
       "      <td>0.003402</td>\n",
       "      <td>-0.025929</td>\n",
       "      <td>0.001146</td>\n",
       "    </tr>\n",
       "    <tr>\n",
       "      <th>Books</th>\n",
       "      <td>0.064758</td>\n",
       "      <td>0.056342</td>\n",
       "      <td>0.677412</td>\n",
       "      <td>0.087089</td>\n",
       "      <td>-0.127289</td>\n",
       "      <td>0.641055</td>\n",
       "      <td>-0.149692</td>\n",
       "      <td>0.213293</td>\n",
       "      <td>-0.133663</td>\n",
       "      <td>-0.082029</td>\n",
       "      <td>0.031940</td>\n",
       "      <td>-0.028159</td>\n",
       "      <td>0.011438</td>\n",
       "      <td>-0.066849</td>\n",
       "      <td>-0.009439</td>\n",
       "      <td>0.002883</td>\n",
       "      <td>0.000773</td>\n",
       "    </tr>\n",
       "    <tr>\n",
       "      <th>Personal</th>\n",
       "      <td>-0.042529</td>\n",
       "      <td>0.219929</td>\n",
       "      <td>0.499721</td>\n",
       "      <td>-0.230711</td>\n",
       "      <td>-0.222311</td>\n",
       "      <td>-0.331398</td>\n",
       "      <td>0.633790</td>\n",
       "      <td>-0.232661</td>\n",
       "      <td>-0.094469</td>\n",
       "      <td>0.136028</td>\n",
       "      <td>-0.018578</td>\n",
       "      <td>-0.039264</td>\n",
       "      <td>0.039455</td>\n",
       "      <td>0.027529</td>\n",
       "      <td>-0.003090</td>\n",
       "      <td>-0.012890</td>\n",
       "      <td>-0.001114</td>\n",
       "    </tr>\n",
       "    <tr>\n",
       "      <th>PhD</th>\n",
       "      <td>0.318313</td>\n",
       "      <td>0.058311</td>\n",
       "      <td>-0.127028</td>\n",
       "      <td>-0.534725</td>\n",
       "      <td>0.140166</td>\n",
       "      <td>0.091256</td>\n",
       "      <td>-0.001096</td>\n",
       "      <td>-0.077040</td>\n",
       "      <td>-0.185182</td>\n",
       "      <td>-0.123452</td>\n",
       "      <td>0.040372</td>\n",
       "      <td>0.023222</td>\n",
       "      <td>0.127696</td>\n",
       "      <td>-0.691126</td>\n",
       "      <td>-0.112056</td>\n",
       "      <td>0.029808</td>\n",
       "      <td>0.013813</td>\n",
       "    </tr>\n",
       "    <tr>\n",
       "      <th>Terminal</th>\n",
       "      <td>0.317056</td>\n",
       "      <td>0.046429</td>\n",
       "      <td>-0.066038</td>\n",
       "      <td>-0.519443</td>\n",
       "      <td>0.204720</td>\n",
       "      <td>0.154928</td>\n",
       "      <td>-0.028477</td>\n",
       "      <td>-0.012161</td>\n",
       "      <td>-0.254938</td>\n",
       "      <td>-0.088578</td>\n",
       "      <td>-0.058973</td>\n",
       "      <td>0.016485</td>\n",
       "      <td>-0.058313</td>\n",
       "      <td>0.671009</td>\n",
       "      <td>0.158910</td>\n",
       "      <td>-0.027076</td>\n",
       "      <td>0.006209</td>\n",
       "    </tr>\n",
       "    <tr>\n",
       "      <th>S.F.Ratio</th>\n",
       "      <td>-0.176958</td>\n",
       "      <td>0.246665</td>\n",
       "      <td>-0.289848</td>\n",
       "      <td>-0.161189</td>\n",
       "      <td>-0.079388</td>\n",
       "      <td>0.487046</td>\n",
       "      <td>0.219259</td>\n",
       "      <td>-0.083605</td>\n",
       "      <td>0.274544</td>\n",
       "      <td>0.472045</td>\n",
       "      <td>0.445001</td>\n",
       "      <td>-0.011026</td>\n",
       "      <td>-0.017715</td>\n",
       "      <td>0.041374</td>\n",
       "      <td>-0.020899</td>\n",
       "      <td>-0.021248</td>\n",
       "      <td>-0.002222</td>\n",
       "    </tr>\n",
       "    <tr>\n",
       "      <th>perc.alumni</th>\n",
       "      <td>0.205082</td>\n",
       "      <td>-0.246595</td>\n",
       "      <td>-0.146989</td>\n",
       "      <td>0.017314</td>\n",
       "      <td>-0.216297</td>\n",
       "      <td>-0.047340</td>\n",
       "      <td>0.243321</td>\n",
       "      <td>0.678524</td>\n",
       "      <td>-0.255335</td>\n",
       "      <td>0.423000</td>\n",
       "      <td>-0.130728</td>\n",
       "      <td>0.182661</td>\n",
       "      <td>0.104088</td>\n",
       "      <td>-0.027154</td>\n",
       "      <td>-0.008418</td>\n",
       "      <td>0.003334</td>\n",
       "      <td>-0.019187</td>\n",
       "    </tr>\n",
       "    <tr>\n",
       "      <th>Expend</th>\n",
       "      <td>0.318909</td>\n",
       "      <td>-0.131690</td>\n",
       "      <td>0.226744</td>\n",
       "      <td>0.079273</td>\n",
       "      <td>0.075958</td>\n",
       "      <td>-0.298119</td>\n",
       "      <td>-0.226584</td>\n",
       "      <td>-0.054159</td>\n",
       "      <td>-0.049139</td>\n",
       "      <td>0.132286</td>\n",
       "      <td>0.692089</td>\n",
       "      <td>0.325982</td>\n",
       "      <td>-0.093746</td>\n",
       "      <td>0.073123</td>\n",
       "      <td>-0.227742</td>\n",
       "      <td>-0.043880</td>\n",
       "      <td>-0.035310</td>\n",
       "    </tr>\n",
       "    <tr>\n",
       "      <th>Grad.Rate</th>\n",
       "      <td>0.252316</td>\n",
       "      <td>-0.169241</td>\n",
       "      <td>-0.208065</td>\n",
       "      <td>0.269129</td>\n",
       "      <td>-0.109268</td>\n",
       "      <td>0.216163</td>\n",
       "      <td>0.559944</td>\n",
       "      <td>-0.005336</td>\n",
       "      <td>0.041904</td>\n",
       "      <td>-0.590271</td>\n",
       "      <td>0.219839</td>\n",
       "      <td>0.122107</td>\n",
       "      <td>-0.069197</td>\n",
       "      <td>0.036477</td>\n",
       "      <td>-0.003394</td>\n",
       "      <td>-0.005008</td>\n",
       "      <td>-0.013071</td>\n",
       "    </tr>\n",
       "  </tbody>\n",
       "</table>\n",
       "</div>"
      ],
      "text/plain": [
       "                  PC1       PC2       PC3       PC4       PC5       PC6  \\\n",
       "Apps         0.248766  0.331598 -0.063092  0.281311  0.005741 -0.016237   \n",
       "Accept       0.207602  0.372117 -0.101249  0.267817  0.055786  0.007535   \n",
       "Enroll       0.176304  0.403724 -0.082986  0.161827 -0.055694 -0.042558   \n",
       "Top10perc    0.354274 -0.082412  0.035056 -0.051547 -0.395434 -0.052693   \n",
       "Top25perc    0.344001 -0.044779 -0.024148 -0.109767 -0.426534  0.033092   \n",
       "F.Undergrad  0.154641  0.417674 -0.061393  0.100412 -0.043454 -0.043454   \n",
       "P.Undergrad  0.026443  0.315088  0.139682 -0.158558  0.302385 -0.191199   \n",
       "Outstate     0.294736 -0.249644  0.046599  0.131291  0.222532 -0.030000   \n",
       "Room.Board   0.249030 -0.137809  0.148967  0.184996  0.560919  0.162755   \n",
       "Books        0.064758  0.056342  0.677412  0.087089 -0.127289  0.641055   \n",
       "Personal    -0.042529  0.219929  0.499721 -0.230711 -0.222311 -0.331398   \n",
       "PhD          0.318313  0.058311 -0.127028 -0.534725  0.140166  0.091256   \n",
       "Terminal     0.317056  0.046429 -0.066038 -0.519443  0.204720  0.154928   \n",
       "S.F.Ratio   -0.176958  0.246665 -0.289848 -0.161189 -0.079388  0.487046   \n",
       "perc.alumni  0.205082 -0.246595 -0.146989  0.017314 -0.216297 -0.047340   \n",
       "Expend       0.318909 -0.131690  0.226744  0.079273  0.075958 -0.298119   \n",
       "Grad.Rate    0.252316 -0.169241 -0.208065  0.269129 -0.109268  0.216163   \n",
       "\n",
       "                  PC7       PC8       PC9      PC10      PC11      PC12  \\\n",
       "Apps        -0.042486 -0.103090 -0.090227  0.052510  0.043046  0.024071   \n",
       "Accept      -0.012950 -0.056271 -0.177865  0.041140 -0.058406 -0.145102   \n",
       "Enroll      -0.027693  0.058662 -0.128561  0.034488 -0.069399  0.011143   \n",
       "Top10perc   -0.161332 -0.122678  0.341100  0.064026 -0.008105  0.038554   \n",
       "Top25perc   -0.118486 -0.102492  0.403712  0.014549 -0.273128 -0.089352   \n",
       "F.Undergrad -0.025076  0.078890 -0.059442  0.020847 -0.081158  0.056177   \n",
       "P.Undergrad  0.061042  0.570784  0.560673 -0.223106  0.100693 -0.063536   \n",
       "Outstate     0.108529  0.009846 -0.004573  0.186675  0.143221 -0.823444   \n",
       "Room.Board   0.209744 -0.221453  0.275023  0.298324 -0.359322  0.354560   \n",
       "Books       -0.149692  0.213293 -0.133663 -0.082029  0.031940 -0.028159   \n",
       "Personal     0.633790 -0.232661 -0.094469  0.136028 -0.018578 -0.039264   \n",
       "PhD         -0.001096 -0.077040 -0.185182 -0.123452  0.040372  0.023222   \n",
       "Terminal    -0.028477 -0.012161 -0.254938 -0.088578 -0.058973  0.016485   \n",
       "S.F.Ratio    0.219259 -0.083605  0.274544  0.472045  0.445001 -0.011026   \n",
       "perc.alumni  0.243321  0.678524 -0.255335  0.423000 -0.130728  0.182661   \n",
       "Expend      -0.226584 -0.054159 -0.049139  0.132286  0.692089  0.325982   \n",
       "Grad.Rate    0.559944 -0.005336  0.041904 -0.590271  0.219839  0.122107   \n",
       "\n",
       "                 PC13      PC14      PC15      PC16      PC17  \n",
       "Apps         0.595831  0.080633  0.133406  0.459139  0.358970  \n",
       "Accept       0.292642  0.033467 -0.145498 -0.518569 -0.543427  \n",
       "Enroll      -0.444638 -0.085697  0.029590 -0.404318  0.609651  \n",
       "Top10perc    0.001023 -0.107828  0.697723 -0.148739 -0.144986  \n",
       "Top25perc    0.021884  0.151742 -0.617275  0.051868  0.080348  \n",
       "F.Undergrad -0.523622 -0.056373  0.009916  0.560363 -0.414705  \n",
       "P.Undergrad  0.125998  0.019286  0.020952 -0.052731  0.009018  \n",
       "Outstate    -0.141856 -0.034012  0.038354  0.101595  0.050900  \n",
       "Room.Board  -0.069749 -0.058429  0.003402 -0.025929  0.001146  \n",
       "Books        0.011438 -0.066849 -0.009439  0.002883  0.000773  \n",
       "Personal     0.039455  0.027529 -0.003090 -0.012890 -0.001114  \n",
       "PhD          0.127696 -0.691126 -0.112056  0.029808  0.013813  \n",
       "Terminal    -0.058313  0.671009  0.158910 -0.027076  0.006209  \n",
       "S.F.Ratio   -0.017715  0.041374 -0.020899 -0.021248 -0.002222  \n",
       "perc.alumni  0.104088 -0.027154 -0.008418  0.003334 -0.019187  \n",
       "Expend      -0.093746  0.073123 -0.227742 -0.043880 -0.035310  \n",
       "Grad.Rate   -0.069197  0.036477 -0.003394 -0.005008 -0.013071  "
      ]
     },
     "execution_count": 153,
     "metadata": {},
     "output_type": "execute_result"
    }
   ],
   "source": [
    "cols = [\"PC\"+str(x) for x in range (1,18)]\n",
    "PCs = pd.DataFrame(pca.components_.T, index=dta.columns, columns = cols)\n",
    "PCs"
   ]
  },
  {
   "cell_type": "markdown",
   "metadata": {},
   "source": [
    "We construct a biplot to analyze our principal components:"
   ]
  },
  {
   "cell_type": "code",
   "execution_count": 154,
   "metadata": {
    "scrolled": true
   },
   "outputs": [
    {
     "data": {
