{
 "cells": [
  {
   "cell_type": "markdown",
   "metadata": {},
   "source": [
    "# Assignment 8: Unsupervised Learning\n",
    "\n",
    "## Kevin Sun\n",
    "\n",
    "## December 1, 2017\n",
    "\n",
    "## MACS30000"
   ]
  },
  {
   "cell_type": "markdown",
   "metadata": {},
   "source": [
    "### Importing Libraries and Data"
   ]
  },
  {
   "cell_type": "code",
   "execution_count": 261,
   "metadata": {
    "collapsed": true
   },
   "outputs": [],
   "source": [
    "import numpy as np\n",
    "import pandas as pd \n",
    "import matplotlib as mpl\n",
    "import matplotlib.pyplot as plt\n",
    "import seaborn as sns\n",
    "from sklearn.preprocessing import StandardScaler\n",
    "from sklearn.decomposition import PCA\n",
    "from sklearn.cluster import KMeans, AgglomerativeClustering\n",
    "import sklearn.metrics as sm\n",
    "import scipy.cluster.hierarchy as hr\n",
    "\n",
    "%matplotlib inline"
   ]
  },
  {
   "cell_type": "code",
   "execution_count": 262,
   "metadata": {},
   "outputs": [],
   "source": [
    "df_college = pd.read_csv('College.csv')\n",
    "df_college.Private.replace(('Yes', 'No'), (1, 0), inplace=True)"
   ]
  },
  {
   "cell_type": "code",
   "execution_count": 263,
   "metadata": {},
   "outputs": [
    {
     "data": {
      "text/html": [
       "<div>\n",
       "<style>\n",
       "    .dataframe thead tr:only-child th {\n",
       "        text-align: right;\n",
       "    }\n",
       "\n",
       "    .dataframe thead th {\n",
       "        text-align: left;\n",
       "    }\n",
       "\n",
       "    .dataframe tbody tr th {\n",
       "        vertical-align: top;\n",
       "    }\n",
       "</style>\n",
       "<table border=\"1\" class=\"dataframe\">\n",
       "  <thead>\n",
       "    <tr style=\"text-align: right;\">\n",
       "      <th></th>\n",
       "      <th>Private</th>\n",
       "      <th>Apps</th>\n",
       "      <th>Accept</th>\n",
       "      <th>Enroll</th>\n",
       "      <th>Top10perc</th>\n",
       "      <th>Top25perc</th>\n",
       "      <th>F.Undergrad</th>\n",
       "      <th>P.Undergrad</th>\n",
       "      <th>Outstate</th>\n",
       "      <th>Room.Board</th>\n",
       "      <th>Books</th>\n",
       "      <th>Personal</th>\n",
       "      <th>PhD</th>\n",
       "      <th>Terminal</th>\n",
       "      <th>S.F.Ratio</th>\n",
       "      <th>perc.alumni</th>\n",
       "      <th>Expend</th>\n",
       "      <th>Grad.Rate</th>\n",
       "    </tr>\n",
       "  </thead>\n",
       "  <tbody>\n",
       "    <tr>\n",
       "      <th>0</th>\n",
       "      <td>1</td>\n",
       "      <td>1660.0</td>\n",
       "      <td>1232.0</td>\n",
       "      <td>721.0</td>\n",
       "      <td>23.0</td>\n",
       "      <td>52.0</td>\n",
       "      <td>2885.0</td>\n",
       "      <td>537.0</td>\n",
       "      <td>7440.0</td>\n",
       "      <td>3300.0</td>\n",
       "      <td>450.0</td>\n",
       "      <td>2200.0</td>\n",
       "      <td>70.0</td>\n",
       "      <td>78.0</td>\n",
       "      <td>18.1</td>\n",
       "      <td>12.0</td>\n",
       "      <td>7041.0</td>\n",
       "      <td>60.0</td>\n",
       "    </tr>\n",
       "    <tr>\n",
       "      <th>1</th>\n",
       "      <td>1</td>\n",
       "      <td>2186.0</td>\n",
       "      <td>1924.0</td>\n",
       "      <td>512.0</td>\n",
       "      <td>16.0</td>\n",
       "      <td>29.0</td>\n",
       "      <td>2683.0</td>\n",
       "      <td>1227.0</td>\n",
       "      <td>12280.0</td>\n",
       "      <td>6450.0</td>\n",
       "      <td>750.0</td>\n",
       "      <td>1500.0</td>\n",
       "      <td>29.0</td>\n",
       "      <td>30.0</td>\n",
       "      <td>12.2</td>\n",
       "      <td>16.0</td>\n",
       "      <td>10527.0</td>\n",
       "      <td>56.0</td>\n",
       "    </tr>\n",
       "    <tr>\n",
       "      <th>2</th>\n",
       "      <td>1</td>\n",
       "      <td>1428.0</td>\n",
       "      <td>1097.0</td>\n",
       "      <td>336.0</td>\n",
       "      <td>22.0</td>\n",
       "      <td>50.0</td>\n",
       "      <td>1036.0</td>\n",
       "      <td>99.0</td>\n",
       "      <td>11250.0</td>\n",
       "      <td>3750.0</td>\n",
       "      <td>400.0</td>\n",
       "      <td>1165.0</td>\n",
       "      <td>53.0</td>\n",
       "      <td>66.0</td>\n",
       "      <td>12.9</td>\n",
       "      <td>30.0</td>\n",
       "      <td>8735.0</td>\n",
       "      <td>54.0</td>\n",
       "    </tr>\n",
       "    <tr>\n",
       "      <th>3</th>\n",
       "      <td>1</td>\n",
       "      <td>417.0</td>\n",
       "      <td>349.0</td>\n",
       "      <td>137.0</td>\n",
       "      <td>60.0</td>\n",
       "      <td>89.0</td>\n",
       "      <td>510.0</td>\n",
       "      <td>63.0</td>\n",
       "      <td>12960.0</td>\n",
       "      <td>5450.0</td>\n",
       "      <td>450.0</td>\n",
       "      <td>875.0</td>\n",
       "      <td>92.0</td>\n",
       "      <td>97.0</td>\n",
       "      <td>7.7</td>\n",
       "      <td>37.0</td>\n",
       "      <td>19016.0</td>\n",
       "      <td>59.0</td>\n",
       "    </tr>\n",
       "    <tr>\n",
       "      <th>4</th>\n",
       "      <td>1</td>\n",
       "      <td>193.0</td>\n",
       "      <td>146.0</td>\n",
       "      <td>55.0</td>\n",
       "      <td>16.0</td>\n",
       "      <td>44.0</td>\n",
       "      <td>249.0</td>\n",
       "      <td>869.0</td>\n",
       "      <td>7560.0</td>\n",
       "      <td>4120.0</td>\n",
       "      <td>800.0</td>\n",
       "      <td>1500.0</td>\n",
       "      <td>76.0</td>\n",
       "      <td>72.0</td>\n",
       "      <td>11.9</td>\n",
       "      <td>2.0</td>\n",
       "      <td>10922.0</td>\n",
       "      <td>15.0</td>\n",
       "    </tr>\n",
       "  </tbody>\n",
       "</table>\n",
       "</div>"
      ],
      "text/plain": [
       "   Private    Apps  Accept  Enroll  Top10perc  Top25perc  F.Undergrad  \\\n",
       "0        1  1660.0  1232.0   721.0       23.0       52.0       2885.0   \n",
       "1        1  2186.0  1924.0   512.0       16.0       29.0       2683.0   \n",
       "2        1  1428.0  1097.0   336.0       22.0       50.0       1036.0   \n",
       "3        1   417.0   349.0   137.0       60.0       89.0        510.0   \n",
       "4        1   193.0   146.0    55.0       16.0       44.0        249.0   \n",
       "\n",
       "   P.Undergrad  Outstate  Room.Board  Books  Personal   PhD  Terminal  \\\n",
       "0        537.0    7440.0      3300.0  450.0    2200.0  70.0      78.0   \n",
       "1       1227.0   12280.0      6450.0  750.0    1500.0  29.0      30.0   \n",
       "2         99.0   11250.0      3750.0  400.0    1165.0  53.0      66.0   \n",
       "3         63.0   12960.0      5450.0  450.0     875.0  92.0      97.0   \n",
       "4        869.0    7560.0      4120.0  800.0    1500.0  76.0      72.0   \n",
       "\n",
       "   S.F.Ratio  perc.alumni   Expend  Grad.Rate  \n",
       "0       18.1         12.0   7041.0       60.0  \n",
       "1       12.2         16.0  10527.0       56.0  \n",
       "2       12.9         30.0   8735.0       54.0  \n",
       "3        7.7         37.0  19016.0       59.0  \n",
       "4       11.9          2.0  10922.0       15.0  "
      ]
     },
     "execution_count": 263,
     "metadata": {},
     "output_type": "execute_result"
    }
   ],
   "source": [
    "df_college.head()"
   ]
  },
  {
   "cell_type": "code",
   "execution_count": 264,
   "metadata": {},
   "outputs": [
    {
     "data": {
      "text/html": [
       "<div>\n",
       "<style>\n",
       "    .dataframe thead tr:only-child th {\n",
       "        text-align: right;\n",
       "    }\n",
       "\n",
       "    .dataframe thead th {\n",
       "        text-align: left;\n",
       "    }\n",
       "\n",
       "    .dataframe tbody tr th {\n",
       "        vertical-align: top;\n",
       "    }\n",
       "</style>\n",
       "<table border=\"1\" class=\"dataframe\">\n",
       "  <thead>\n",
       "    <tr style=\"text-align: right;\">\n",
       "      <th></th>\n",
       "      <th>Private</th>\n",
       "      <th>Apps</th>\n",
       "      <th>Accept</th>\n",
       "      <th>Enroll</th>\n",
       "      <th>Top10perc</th>\n",
       "      <th>Top25perc</th>\n",
       "      <th>F.Undergrad</th>\n",
       "      <th>P.Undergrad</th>\n",
       "      <th>Outstate</th>\n",
       "      <th>Room.Board</th>\n",
       "      <th>Books</th>\n",
       "      <th>Personal</th>\n",
       "      <th>PhD</th>\n",
       "      <th>Terminal</th>\n",
       "      <th>S.F.Ratio</th>\n",
       "      <th>perc.alumni</th>\n",
       "      <th>Expend</th>\n",
       "      <th>Grad.Rate</th>\n",
       "    </tr>\n",
       "  </thead>\n",
       "  <tbody>\n",
       "    <tr>\n",
       "      <th>Private</th>\n",
       "      <td>1.000000</td>\n",
       "      <td>-0.432095</td>\n",
       "      <td>-0.475252</td>\n",
       "      <td>-0.567908</td>\n",
       "      <td>0.164132</td>\n",
       "      <td>0.095752</td>\n",
       "      <td>-0.615561</td>\n",
       "      <td>-0.452088</td>\n",
       "      <td>0.552650</td>\n",
       "      <td>0.340532</td>\n",
       "      <td>-0.018549</td>\n",
       "      <td>-0.304485</td>\n",
       "      <td>-0.156714</td>\n",
       "      <td>-0.129620</td>\n",
       "      <td>-0.472205</td>\n",
       "      <td>0.414775</td>\n",
       "      <td>0.258461</td>\n",
       "      <td>0.336162</td>\n",
       "    </tr>\n",
       "    <tr>\n",
       "      <th>Apps</th>\n",
       "      <td>-0.432095</td>\n",
       "      <td>1.000000</td>\n",
       "      <td>0.943451</td>\n",
       "      <td>0.846822</td>\n",
       "      <td>0.338834</td>\n",
       "      <td>0.351640</td>\n",
       "      <td>0.814491</td>\n",
       "      <td>0.398264</td>\n",
       "      <td>0.050159</td>\n",
       "      <td>0.164939</td>\n",
       "      <td>0.132559</td>\n",
       "      <td>0.178731</td>\n",
       "      <td>0.390697</td>\n",
       "      <td>0.369491</td>\n",
       "      <td>0.095633</td>\n",
       "      <td>-0.090226</td>\n",
       "      <td>0.259592</td>\n",
       "      <td>0.146755</td>\n",
       "    </tr>\n",
       "    <tr>\n",
       "      <th>Accept</th>\n",
       "      <td>-0.475252</td>\n",
       "      <td>0.943451</td>\n",
       "      <td>1.000000</td>\n",
       "      <td>0.911637</td>\n",
       "      <td>0.192447</td>\n",
       "      <td>0.247476</td>\n",
       "      <td>0.874223</td>\n",
       "      <td>0.441271</td>\n",
       "      <td>-0.025755</td>\n",
       "      <td>0.090899</td>\n",
       "      <td>0.113525</td>\n",
       "      <td>0.200989</td>\n",
       "      <td>0.355758</td>\n",
       "      <td>0.337583</td>\n",
       "      <td>0.176229</td>\n",
       "      <td>-0.159990</td>\n",
       "      <td>0.124717</td>\n",
       "      <td>0.067313</td>\n",
       "    </tr>\n",
       "    <tr>\n",
       "      <th>Enroll</th>\n",
       "      <td>-0.567908</td>\n",
       "      <td>0.846822</td>\n",
       "      <td>0.911637</td>\n",
       "      <td>1.000000</td>\n",
       "      <td>0.181294</td>\n",
       "      <td>0.226745</td>\n",
       "      <td>0.964640</td>\n",
       "      <td>0.513069</td>\n",
       "      <td>-0.155477</td>\n",
       "      <td>-0.040232</td>\n",
       "      <td>0.112711</td>\n",
       "      <td>0.280929</td>\n",
       "      <td>0.331469</td>\n",
       "      <td>0.308274</td>\n",
       "      <td>0.237271</td>\n",
       "      <td>-0.180794</td>\n",
       "      <td>0.064169</td>\n",
       "      <td>-0.022341</td>\n",
       "    </tr>\n",
       "    <tr>\n",
       "      <th>Top10perc</th>\n",
       "      <td>0.164132</td>\n",
       "      <td>0.338834</td>\n",
       "      <td>0.192447</td>\n",
       "      <td>0.181294</td>\n",
       "      <td>1.000000</td>\n",
       "      <td>0.891995</td>\n",
       "      <td>0.141289</td>\n",
       "      <td>-0.105356</td>\n",
       "      <td>0.562331</td>\n",
       "      <td>0.371480</td>\n",
       "      <td>0.118858</td>\n",
       "      <td>-0.093316</td>\n",
       "      <td>0.531828</td>\n",
       "      <td>0.491135</td>\n",
       "      <td>-0.384875</td>\n",
       "      <td>0.455485</td>\n",
       "      <td>0.660913</td>\n",
       "      <td>0.494989</td>\n",
       "    </tr>\n",
       "    <tr>\n",
       "      <th>Top25perc</th>\n",
       "      <td>0.095752</td>\n",
       "      <td>0.351640</td>\n",
       "      <td>0.247476</td>\n",
       "      <td>0.226745</td>\n",
       "      <td>0.891995</td>\n",
       "      <td>1.000000</td>\n",
       "      <td>0.199445</td>\n",
       "      <td>-0.053577</td>\n",
       "      <td>0.489394</td>\n",
       "      <td>0.331490</td>\n",
       "      <td>0.115527</td>\n",
       "      <td>-0.080810</td>\n",
       "      <td>0.545862</td>\n",
       "      <td>0.524749</td>\n",
       "      <td>-0.294629</td>\n",
       "      <td>0.417864</td>\n",
       "      <td>0.527447</td>\n",
       "      <td>0.477281</td>\n",
       "    </tr>\n",
       "    <tr>\n",
       "      <th>F.Undergrad</th>\n",
       "      <td>-0.615561</td>\n",
       "      <td>0.814491</td>\n",
       "      <td>0.874223</td>\n",
       "      <td>0.964640</td>\n",
       "      <td>0.141289</td>\n",
       "      <td>0.199445</td>\n",
       "      <td>1.000000</td>\n",
       "      <td>0.570512</td>\n",
       "      <td>-0.215742</td>\n",
       "      <td>-0.068890</td>\n",
       "      <td>0.115550</td>\n",
       "      <td>0.317200</td>\n",
       "      <td>0.318337</td>\n",
       "      <td>0.300019</td>\n",
       "      <td>0.279703</td>\n",
       "      <td>-0.229462</td>\n",
       "      <td>0.018652</td>\n",
       "      <td>-0.078773</td>\n",
       "    </tr>\n",
       "    <tr>\n",
       "      <th>P.Undergrad</th>\n",
       "      <td>-0.452088</td>\n",
       "      <td>0.398264</td>\n",
       "      <td>0.441271</td>\n",
       "      <td>0.513069</td>\n",
       "      <td>-0.105356</td>\n",
       "      <td>-0.053577</td>\n",
       "      <td>0.570512</td>\n",
       "      <td>1.000000</td>\n",
       "      <td>-0.253512</td>\n",
       "      <td>-0.061326</td>\n",
       "      <td>0.081200</td>\n",
       "      <td>0.319882</td>\n",
       "      <td>0.149114</td>\n",
       "      <td>0.141904</td>\n",
       "      <td>0.232531</td>\n",
       "      <td>-0.280792</td>\n",
       "      <td>-0.083568</td>\n",
       "      <td>-0.257001</td>\n",
       "    </tr>\n",
       "    <tr>\n",
       "      <th>Outstate</th>\n",
       "      <td>0.552650</td>\n",
       "      <td>0.050159</td>\n",
       "      <td>-0.025755</td>\n",
       "      <td>-0.155477</td>\n",
       "      <td>0.562331</td>\n",
       "      <td>0.489394</td>\n",
       "      <td>-0.215742</td>\n",
       "      <td>-0.253512</td>\n",
       "      <td>1.000000</td>\n",
       "      <td>0.654256</td>\n",
       "      <td>0.038855</td>\n",
       "      <td>-0.299087</td>\n",
       "      <td>0.382982</td>\n",
       "      <td>0.407983</td>\n",
       "      <td>-0.554821</td>\n",
       "      <td>0.566262</td>\n",
       "      <td>0.672779</td>\n",
       "      <td>0.571290</td>\n",
       "    </tr>\n",
       "    <tr>\n",
       "      <th>Room.Board</th>\n",
       "      <td>0.340532</td>\n",
       "      <td>0.164939</td>\n",
       "      <td>0.090899</td>\n",
       "      <td>-0.040232</td>\n",
       "      <td>0.371480</td>\n",
       "      <td>0.331490</td>\n",
       "      <td>-0.068890</td>\n",
       "      <td>-0.061326</td>\n",
       "      <td>0.654256</td>\n",
       "      <td>1.000000</td>\n",
       "      <td>0.127963</td>\n",
       "      <td>-0.199428</td>\n",
       "      <td>0.329202</td>\n",
       "      <td>0.374540</td>\n",
       "      <td>-0.362628</td>\n",
       "      <td>0.272363</td>\n",
       "      <td>0.501739</td>\n",
       "      <td>0.424942</td>\n",
       "    </tr>\n",
       "    <tr>\n",
       "      <th>Books</th>\n",
       "      <td>-0.018549</td>\n",
       "      <td>0.132559</td>\n",
       "      <td>0.113525</td>\n",
       "      <td>0.112711</td>\n",
       "      <td>0.118858</td>\n",
       "      <td>0.115527</td>\n",
       "      <td>0.115550</td>\n",
       "      <td>0.081200</td>\n",
       "      <td>0.038855</td>\n",
       "      <td>0.127963</td>\n",
       "      <td>1.000000</td>\n",
       "      <td>0.179295</td>\n",
       "      <td>0.026906</td>\n",
       "      <td>0.099955</td>\n",
       "      <td>-0.031929</td>\n",
       "      <td>-0.040208</td>\n",
       "      <td>0.112409</td>\n",
       "      <td>0.001061</td>\n",
       "    </tr>\n",
       "    <tr>\n",
       "      <th>Personal</th>\n",
       "      <td>-0.304485</td>\n",
       "      <td>0.178731</td>\n",
       "      <td>0.200989</td>\n",
       "      <td>0.280929</td>\n",
       "      <td>-0.093316</td>\n",
       "      <td>-0.080810</td>\n",
       "      <td>0.317200</td>\n",
       "      <td>0.319882</td>\n",
       "      <td>-0.299087</td>\n",
       "      <td>-0.199428</td>\n",
       "      <td>0.179295</td>\n",
       "      <td>1.000000</td>\n",
       "      <td>-0.010936</td>\n",
       "      <td>-0.030613</td>\n",
       "      <td>0.136345</td>\n",
       "      <td>-0.285968</td>\n",
       "      <td>-0.097892</td>\n",
       "      <td>-0.269344</td>\n",
       "    </tr>\n",
       "    <tr>\n",
       "      <th>PhD</th>\n",
       "      <td>-0.156714</td>\n",
       "      <td>0.390697</td>\n",
       "      <td>0.355758</td>\n",
       "      <td>0.331469</td>\n",
       "      <td>0.531828</td>\n",
       "      <td>0.545862</td>\n",
       "      <td>0.318337</td>\n",
       "      <td>0.149114</td>\n",
       "      <td>0.382982</td>\n",
       "      <td>0.329202</td>\n",
       "      <td>0.026906</td>\n",
       "      <td>-0.010936</td>\n",
       "      <td>1.000000</td>\n",
       "      <td>0.849587</td>\n",
       "      <td>-0.130530</td>\n",
       "      <td>0.249009</td>\n",
       "      <td>0.432762</td>\n",
       "      <td>0.305038</td>\n",
       "    </tr>\n",
       "    <tr>\n",
       "      <th>Terminal</th>\n",
       "      <td>-0.129620</td>\n",
       "      <td>0.369491</td>\n",
       "      <td>0.337583</td>\n",
       "      <td>0.308274</td>\n",
       "      <td>0.491135</td>\n",
       "      <td>0.524749</td>\n",
       "      <td>0.300019</td>\n",
       "      <td>0.141904</td>\n",
       "      <td>0.407983</td>\n",
       "      <td>0.374540</td>\n",
       "      <td>0.099955</td>\n",
       "      <td>-0.030613</td>\n",
       "      <td>0.849587</td>\n",
       "      <td>1.000000</td>\n",
       "      <td>-0.160104</td>\n",
       "      <td>0.267130</td>\n",
       "      <td>0.438799</td>\n",
       "      <td>0.289527</td>\n",
       "    </tr>\n",
       "    <tr>\n",
       "      <th>S.F.Ratio</th>\n",
       "      <td>-0.472205</td>\n",
       "      <td>0.095633</td>\n",
       "      <td>0.176229</td>\n",
       "      <td>0.237271</td>\n",
       "      <td>-0.384875</td>\n",
       "      <td>-0.294629</td>\n",
       "      <td>0.279703</td>\n",
       "      <td>0.232531</td>\n",
       "      <td>-0.554821</td>\n",
       "      <td>-0.362628</td>\n",
       "      <td>-0.031929</td>\n",
       "      <td>0.136345</td>\n",
       "      <td>-0.130530</td>\n",
       "      <td>-0.160104</td>\n",
       "      <td>1.000000</td>\n",
       "      <td>-0.402929</td>\n",
       "      <td>-0.583832</td>\n",
       "      <td>-0.306710</td>\n",
       "    </tr>\n",
       "    <tr>\n",
       "      <th>perc.alumni</th>\n",
       "      <td>0.414775</td>\n",
       "      <td>-0.090226</td>\n",
       "      <td>-0.159990</td>\n",
       "      <td>-0.180794</td>\n",
       "      <td>0.455485</td>\n",
       "      <td>0.417864</td>\n",
       "      <td>-0.229462</td>\n",
       "      <td>-0.280792</td>\n",
       "      <td>0.566262</td>\n",
       "      <td>0.272363</td>\n",
       "      <td>-0.040208</td>\n",
       "      <td>-0.285968</td>\n",
       "      <td>0.249009</td>\n",
       "      <td>0.267130</td>\n",
       "      <td>-0.402929</td>\n",
       "      <td>1.000000</td>\n",
       "      <td>0.417712</td>\n",
       "      <td>0.490898</td>\n",
       "    </tr>\n",
       "    <tr>\n",
       "      <th>Expend</th>\n",
       "      <td>0.258461</td>\n",
       "      <td>0.259592</td>\n",
       "      <td>0.124717</td>\n",
       "      <td>0.064169</td>\n",
       "      <td>0.660913</td>\n",
       "      <td>0.527447</td>\n",
       "      <td>0.018652</td>\n",
       "      <td>-0.083568</td>\n",
       "      <td>0.672779</td>\n",
       "      <td>0.501739</td>\n",
       "      <td>0.112409</td>\n",
       "      <td>-0.097892</td>\n",
       "      <td>0.432762</td>\n",
       "      <td>0.438799</td>\n",
       "      <td>-0.583832</td>\n",
       "      <td>0.417712</td>\n",
       "      <td>1.000000</td>\n",
       "      <td>0.390343</td>\n",
       "    </tr>\n",
       "    <tr>\n",
       "      <th>Grad.Rate</th>\n",
       "      <td>0.336162</td>\n",
       "      <td>0.146755</td>\n",
       "      <td>0.067313</td>\n",
       "      <td>-0.022341</td>\n",
       "      <td>0.494989</td>\n",
       "      <td>0.477281</td>\n",
       "      <td>-0.078773</td>\n",
       "      <td>-0.257001</td>\n",
       "      <td>0.571290</td>\n",
       "      <td>0.424942</td>\n",
       "      <td>0.001061</td>\n",
       "      <td>-0.269344</td>\n",
       "      <td>0.305038</td>\n",
       "      <td>0.289527</td>\n",
       "      <td>-0.306710</td>\n",
       "      <td>0.490898</td>\n",
       "      <td>0.390343</td>\n",
       "      <td>1.000000</td>\n",
       "    </tr>\n",
       "  </tbody>\n",
       "</table>\n",
       "</div>"
      ],
      "text/plain": [
       "              Private      Apps    Accept    Enroll  Top10perc  Top25perc  \\\n",
       "Private      1.000000 -0.432095 -0.475252 -0.567908   0.164132   0.095752   \n",
       "Apps        -0.432095  1.000000  0.943451  0.846822   0.338834   0.351640   \n",
       "Accept      -0.475252  0.943451  1.000000  0.911637   0.192447   0.247476   \n",
       "Enroll      -0.567908  0.846822  0.911637  1.000000   0.181294   0.226745   \n",
       "Top10perc    0.164132  0.338834  0.192447  0.181294   1.000000   0.891995   \n",
       "Top25perc    0.095752  0.351640  0.247476  0.226745   0.891995   1.000000   \n",
       "F.Undergrad -0.615561  0.814491  0.874223  0.964640   0.141289   0.199445   \n",
       "P.Undergrad -0.452088  0.398264  0.441271  0.513069  -0.105356  -0.053577   \n",
       "Outstate     0.552650  0.050159 -0.025755 -0.155477   0.562331   0.489394   \n",
       "Room.Board   0.340532  0.164939  0.090899 -0.040232   0.371480   0.331490   \n",
       "Books       -0.018549  0.132559  0.113525  0.112711   0.118858   0.115527   \n",
       "Personal    -0.304485  0.178731  0.200989  0.280929  -0.093316  -0.080810   \n",
       "PhD         -0.156714  0.390697  0.355758  0.331469   0.531828   0.545862   \n",
       "Terminal    -0.129620  0.369491  0.337583  0.308274   0.491135   0.524749   \n",
       "S.F.Ratio   -0.472205  0.095633  0.176229  0.237271  -0.384875  -0.294629   \n",
       "perc.alumni  0.414775 -0.090226 -0.159990 -0.180794   0.455485   0.417864   \n",
       "Expend       0.258461  0.259592  0.124717  0.064169   0.660913   0.527447   \n",
       "Grad.Rate    0.336162  0.146755  0.067313 -0.022341   0.494989   0.477281   \n",
       "\n",
       "             F.Undergrad  P.Undergrad  Outstate  Room.Board     Books  \\\n",
       "Private        -0.615561    -0.452088  0.552650    0.340532 -0.018549   \n",
       "Apps            0.814491     0.398264  0.050159    0.164939  0.132559   \n",
       "Accept          0.874223     0.441271 -0.025755    0.090899  0.113525   \n",
       "Enroll          0.964640     0.513069 -0.155477   -0.040232  0.112711   \n",
       "Top10perc       0.141289    -0.105356  0.562331    0.371480  0.118858   \n",
       "Top25perc       0.199445    -0.053577  0.489394    0.331490  0.115527   \n",
       "F.Undergrad     1.000000     0.570512 -0.215742   -0.068890  0.115550   \n",
       "P.Undergrad     0.570512     1.000000 -0.253512   -0.061326  0.081200   \n",
       "Outstate       -0.215742    -0.253512  1.000000    0.654256  0.038855   \n",
       "Room.Board     -0.068890    -0.061326  0.654256    1.000000  0.127963   \n",
       "Books           0.115550     0.081200  0.038855    0.127963  1.000000   \n",
       "Personal        0.317200     0.319882 -0.299087   -0.199428  0.179295   \n",
       "PhD             0.318337     0.149114  0.382982    0.329202  0.026906   \n",
       "Terminal        0.300019     0.141904  0.407983    0.374540  0.099955   \n",
       "S.F.Ratio       0.279703     0.232531 -0.554821   -0.362628 -0.031929   \n",
       "perc.alumni    -0.229462    -0.280792  0.566262    0.272363 -0.040208   \n",
       "Expend          0.018652    -0.083568  0.672779    0.501739  0.112409   \n",
       "Grad.Rate      -0.078773    -0.257001  0.571290    0.424942  0.001061   \n",
       "\n",
       "             Personal       PhD  Terminal  S.F.Ratio  perc.alumni    Expend  \\\n",
       "Private     -0.304485 -0.156714 -0.129620  -0.472205     0.414775  0.258461   \n",
       "Apps         0.178731  0.390697  0.369491   0.095633    -0.090226  0.259592   \n",
       "Accept       0.200989  0.355758  0.337583   0.176229    -0.159990  0.124717   \n",
       "Enroll       0.280929  0.331469  0.308274   0.237271    -0.180794  0.064169   \n",
       "Top10perc   -0.093316  0.531828  0.491135  -0.384875     0.455485  0.660913   \n",
       "Top25perc   -0.080810  0.545862  0.524749  -0.294629     0.417864  0.527447   \n",
       "F.Undergrad  0.317200  0.318337  0.300019   0.279703    -0.229462  0.018652   \n",
       "P.Undergrad  0.319882  0.149114  0.141904   0.232531    -0.280792 -0.083568   \n",
       "Outstate    -0.299087  0.382982  0.407983  -0.554821     0.566262  0.672779   \n",
       "Room.Board  -0.199428  0.329202  0.374540  -0.362628     0.272363  0.501739   \n",
       "Books        0.179295  0.026906  0.099955  -0.031929    -0.040208  0.112409   \n",
       "Personal     1.000000 -0.010936 -0.030613   0.136345    -0.285968 -0.097892   \n",
       "PhD         -0.010936  1.000000  0.849587  -0.130530     0.249009  0.432762   \n",
       "Terminal    -0.030613  0.849587  1.000000  -0.160104     0.267130  0.438799   \n",
       "S.F.Ratio    0.136345 -0.130530 -0.160104   1.000000    -0.402929 -0.583832   \n",
       "perc.alumni -0.285968  0.249009  0.267130  -0.402929     1.000000  0.417712   \n",
       "Expend      -0.097892  0.432762  0.438799  -0.583832     0.417712  1.000000   \n",
       "Grad.Rate   -0.269344  0.305038  0.289527  -0.306710     0.490898  0.390343   \n",
       "\n",
       "             Grad.Rate  \n",
       "Private       0.336162  \n",
       "Apps          0.146755  \n",
       "Accept        0.067313  \n",
       "Enroll       -0.022341  \n",
       "Top10perc     0.494989  \n",
       "Top25perc     0.477281  \n",
       "F.Undergrad  -0.078773  \n",
       "P.Undergrad  -0.257001  \n",
       "Outstate      0.571290  \n",
       "Room.Board    0.424942  \n",
       "Books         0.001061  \n",
       "Personal     -0.269344  \n",
       "PhD           0.305038  \n",
       "Terminal      0.289527  \n",
       "S.F.Ratio    -0.306710  \n",
       "perc.alumni   0.490898  \n",
       "Expend        0.390343  \n",
       "Grad.Rate     1.000000  "
      ]
     },
     "execution_count": 264,
     "metadata": {},
     "output_type": "execute_result"
    }
   ],
   "source": [
    "# Viewing pairwise correlations of columns \n",
    "df_college.corr()"
   ]
  },
  {
   "cell_type": "code",
   "execution_count": 265,
   "metadata": {},
   "outputs": [
    {
     "data": {
